1562927921 0 1
1562928035 0 2
1562928272 1 2
1562928313 2 2
1562928349 3 2
1562936605 4 2
1562939298 5 2
1562939918 6 2
1562991958 7 2
1562992001 8 2
1562992056 9 2
1563601662 10 2
1563612898 11 2
1563614644 12 2
1563765986 12 3
1563766253 12 4
1563767819 12 5
1563779385 13 5
1563789256 14 5
1563791404 15 5
1564035660 16 5
1564036611 17 5
1564049824 18 5
1564049962 19 5
1564050832 20 5
1564123939 21 5
1564137034 22 5
1564150988 22 6
1564307391 22 7
1564367628 23 7
1564368034 24 7
1564372307 25 7
1564386041 26 7
1564388593 27 7
1564396287 28 7
1564453485 29 7
1564453564 29 8
1564453584 29 9
1564453604 29 10
1564453715 29 11
1564456117 30 11
1564468396 31 11
1564468549 32 11
1564557272 33 11
1564560261 34 11
1564560336 35 11
1564560809 36 11
1564571183 37 11
1564630486 38 11
1564642142 39 11
1564646244 40 11
1564646814 41 11
1564654501 42 11
1564716351 43 11
1564717305 44 11
1564717449 45 11
1564718208 46 11
1564725754 47 11
1564726958 48 11
1564729589 49 11
1564741493 50 11
1564821754 51 11
1564821863 52 11
1564823155 53 11
1564828347 54 11
1564830912 55 11
1564880717 55 12
1564913802 56 12
1564913878 57 12
1564995462 58 12
1564999957 59 12
1565062296 60 12
1565071618 61 12
1565086379 62 12
1565088016 63 12
1565101201 64 12
1565137824 65 12
1565140493 66 12
1565147306 67 12
1565147340 68 12
1565148221 69 12
1565150677 70 12
1565162973 71 12
1565163234 72 12
1565180311 73 12
1565260170 74 12
1565267861 75 12
1565267897 76 12
1565310406 77 12
1565311629 78 12
1565312523 79 12
1565317880 80 12
