1562927921 0 353
1562928035 0 354
1562928272 9 354
1562928313 19 354
1562928349 22 354
1562936605 27 354
1562939298 65 354
1562939918 74 354
1562991958 78 354
1562992001 81 354
1562992056 103 354
1563601662 161 354
1563612898 167 354
1563614644 169 354
1563765986 169 357
1563766253 169 358
1563767819 169 359
1563779385 221 359
1563789256 257 359
1563791404 263 359
1564035660 283 359
1564036611 284 359
1564049824 332 359
1564049962 339 359
1564050832 352 359
1564123939 382 359
1564137034 403 359
1564150988 403 364
1564307391 403 376
1564367628 413 376
1564368034 415 376
1564372307 432 376
1564386041 469 376
1564388593 1359 376
1564396287 1369 376
1564453485 1376 376
1564453564 1376 378
1564453584 1376 378
1564453604 1376 378
1564453715 1376 380
1564456117 1384 380
1564468396 1408 380
1564468549 1412 380
1564557272 1441 380
1564560261 1458 380
1564560336 1459 380
1564560809 1461 380
1564571183 1493 380
1564630486 1518 380
1564642142 1547 380
1564646244 1598 380
1564646814 1609 380
1564654501 1612 380
1564716351 1715 380
1564717305 1747 380
1564717449 1748 380
1564718208 1758 380
1564725754 1761 380
1564726958 1773 380
1564729589 1810 380
1564741493 1826 380
1564821754 1831 380
1564821863 1861 380
1564823155 1863 380
1564828347 1864 380
1564830912 1894 380
1564880717 1894 380
1564913802 1895 380
1564913878 1908 380
1564995462 1958 380
1564999957 1965 380
1565062296 1994 380
1565071618 2008 380
1565086379 2067 380
1565088016 2086 380
1565101201 2112 380
1565137824 2135 380
1565140493 2150 380
1565147306 2152 380
1565147340 2162 380
1565148221 2168 380
1565150677 2170 380
1565162973 2172 380
1565163234 2193 380
1565180311 2194 380
1565260170 2199 380
1565267861 2207 380
1565267897 3454 380
1565310406 3460 380
1565311629 3467 380
1565312523 3471 380
1565317880 3472 380
