1562927921 353
1562928035 353
1562928272 362
1562928313 372
1562928349 375
1562936605 380
1562939298 417
1562939918 417
1562991958 420
1562992001 423
1562992056 444
1563601662 498
1563612898 504
1563614644 504
1563765986 507
1563766253 507
1563767819 508
1563779385 538
1563789256 574
1563791404 578
1564035660 586
1564036611 586
1564049824 628
1564049962 635
1564050832 643
1564123939 670
1564137034 688
1564150988 693
1564307391 702
1564367628 705
1564368034 707
1564372307 712
1564386041 745
1564388593 1633
1564396287 1635
1564453485 1641
1564453564 1643
1564453584 1642
1564453604 1641
1564453715 1643
1564456117 1651
1564468396 1675
1564468549 1675
1564557272 1697
1564560261 1710
1564560336 1710
1564560809 1710
1564571183 1741
1564630486 1764
1564642142 1793
1564646244 1833
1564646814 1838
1564654501 1840
1564716351 1916
1564717305 1944
1564717449 1945
1564718208 1946
1564725754 1949
1564726958 1957
1564729589 1994
1564741493 2009
1564821754 2013
1564821863 2032
1564823155 2033
1564828347 2033
1564830912 2058
1564880717 2055
1564913802 2055
1564913878 2067
1564995462 2097
1564999957 2102
1565062296 2125
1565071618 2127
1565086379 2175
1565088016 2191
1565101201 2208
1565137824 2222
1565140493 2229
1565147306 2229
1565147340 2233
1565148221 2236
1565150677 2236
1565162973 2237
1565163234 2248
1565180311 2248
1565260170 2253
1565267861 2260
1565267897 3501
1565310406 2261
1565311629 2261
1565312523 2265
1565317880 2265
